1000
65432 49422
65432 17428
65432 7634
65432 11288
65432 35560
65432 7170
65432 32761
65432 8920
65432 72387
65432 48926
65432 97369
65432 30801
65432 32856
65432 98591
65432 35567
65432 22170
65432 46385
65432 74392
65432 28838
65432 29783
65432 94611
65432 16803
65432 68302
65432 5048
65432 99704
65432 21808
65432 22688
65432 93397
65432 9244
65432 20262
65432 92023
65432 75018
65432 54041
65432 16008
65432 86305
65432 5953
65432 23177
65432 35417
65432 31224
65432 11915
65432 694
65432 28592
65432 42715
65432 33549
65432 43534
65432 78281
65432 55718
65432 6270
65432 69024
65432 907
65432 36052
65432 63635
65432 17709
65432 4353
65432 85034
65432 17412
65432 42513
65432 7721
65432 27161
65432 51756
65432 44335
65432 19183
65432 26773
65432 98375
65432 35190
65432 29429
65432 20679
65432 74718
65432 64845
65432 51903
65432 86632
65432 65539
65432 96846
65432 45698
65432 15439
65432 40380
65432 23979
65432 71157
65432 63001
65432 9354
65432 88415
65432 99053
65432 72988
65432 6124
65432 19757
65432 74374
65432 39887
65432 62269
65432 82094
65432 67047
65432 30377
65432 42780
65432 2581
65432 57149
65432 57507
65432 54122
65432 2930
65432 78185
65432 45191
65432 67774
65432 46439
65432 48174
65432 49664
65432 43285
65432 93872
65432 65103
65432 16
65432 34202
65432 52611
65432 63016
65432 43555
65432 41025
65432 78420
65432 32895
65432 63500
65432 14529
65432 7268
65432 3387
65432 93149
65432 89361
65432 86785
65432 23525
65432 32141
65432 89366
65432 97026
65432 89647
65432 59839
65432 16307
65432 84183
65432 5030
65432 432
65432 30622
65432 53203
65432 50096
65432 90258
65432 63426
65432 31550
65432 6625
65432 97627
65432 84160
65432 69640
65432 41182
65432 41536
65432 64412
65432 74076
65432 5036
65432 95292
65432 81343
65432 24774
65432 88440
65432 87055
65432 11558
65432 28317
65432 35547
65432 17275
65432 41694
65432 41545
65432 77114
65432 58000
65432 42080
65432 98495
65432 58431
65432 72701
65432 51697
65432 24878
65432 79310
65432 15123
65432 56427
65432 85934
65432 29101
65432 56938
65432 55573
65432 70282
65432 98474
65432 36336
65432 60709
65432 19861
65432 31627
65432 58403
65432 44634
65432 36419
65432 61810
65432 72543
65432 81087
65432 13708
65432 89818
65432 22780
65432 55253
65432 66931
65432 80779
65432 97332
65432 65425
65432 55561
65432 86384
65432 33473
65432 80439
65432 65693
65432 64947
65432 36865
65432 51626
65432 94048
65432 93803
65432 23550
65432 80681
65432 8628
65432 76238
65432 57742
65432 44840
65432 7864
65432 16144
65432 89473
65432 60634
65432 94305
65432 78367
65432 41720
65432 8013
65432 68184
65432 64499
65432 63265
65432 51466
65432 61629
65432 76948
65432 33242
65432 17190
65432 63331
65432 66715
65432 13980
65432 45375
65432 48013
65432 50844
65432 97000
65432 58412
65432 60998
65432 36901
65432 39093
65432 85977
65432 13138
65432 13186
65432 30816
65432 37354
65432 45681
65432 36640
65432 97987
65432 39986
65432 15007
65432 56059
65432 47998
65432 83190
65432 20557
65432 27614
65432 34656
65432 98538
65432 20913
65432 84249
65432 32079
65432 84243
65432 67315
65432 46058
65432 45969
65432 15328
65432 13253
65432 42968
65432 73739
65432 90603
65432 96220
65432 29183
65432 76579
65432 9358
65432 58720
65432 7395
65432 46711
65432 4401
65432 44034
65432 61049
65432 44386
65432 75392
65432 17107
65432 8735
65432 58582
65432 54016
65432 36348
65432 9589
65432 52553
65432 73612
65432 93837
65432 983
65432 57854
65432 61152
65432 63392
65432 20174
65432 92831
65432 92996
65432 79493
65432 82921
65432 83598
65432 75712
65432 28456
65432 76529
65432 85069
65432 87175
65432 83923
65432 48131
65432 91575
65432 44308
65432 9180
65432 52312
65432 19700
65432 26286
65432 61046
65432 94633
65432 80301
65432 13745
65432 20573
65432 49205
65432 87356
65432 14409
65432 66539
65432 61561
65432 91912
65432 29930
65432 81734
65432 84742
65432 22926
65432 61226
65432 84015
65432 22875
65432 53290
65432 12470
65432 99403
65432 38358
65432 99644
65432 99677
65432 86489
65432 7571
65432 60337
65432 12020
65432 59882
65432 96388
65432 54657
65432 37280
65432 91020
65432 34958
65432 51024
65432 27944
65432 514
65432 54732
65432 42352
65432 83405
65432 32644
65432 50616
65432 13334
65432 30730
65432 51709
65432 52611
65432 8307
65432 35723
65432 91838
65432 61596
65432 48192
65432 91240
65432 99954
65432 47836
65432 7269
65432 2794
65432 55406
65432 67605
65432 31165
65432 31639
65432 80344
65432 85821
65432 68918
65432 71363
65432 37130
65432 36294
65432 15658
65432 37644
65432 7377
65432 74361
65432 37400
65432 40020
65432 24976
65432 67085
65432 87101
65432 76685
65432 19696
65432 95408
65432 28759
65432 27885
65432 57003
65432 76951
65432 35476
65432 73308
65432 41138
65432 42744
65432 92453
65432 12895
65432 26700
65432 23617
65432 60885
65432 7043
65432 9438
65432 29803
65432 94757
65432 62919
65432 82448
65432 10414
65432 16914
65432 89824
65432 84775
65432 54313
65432 46195
65432 26102
65432 21398
65432 33296
65432 19138
65432 57445
65432 28703
65432 47897
65432 85329
65432 2057
65432 41199
65432 20804
65432 91717
65432 98688
65432 79900
65432 84169
65432 27934
65432 6599
65432 24138
65432 88818
65432 29994
65432 49927
65432 18620
65432 24750
65432 12845
65432 1067
65432 51516
65432 29759
65432 7242
65432 36290
65432 84071
65432 53437
65432 78743
65432 5468
65432 3084
65432 97881
65432 62912
65432 48138
65432 62129
65432 64592
65432 50194
65432 3327
65432 85396
65432 41910
65432 18366
65432 65295
65432 42431
65432 46299
65432 88245
65432 66568
65432 35116
65432 18238
65432 32846
65432 53736
65432 59340
65432 45690
65432 71154
65432 10855
65432 75448
65432 94748
65432 63496
65432 59519
65432 64536
65432 42238
65432 81338
65432 67619
65432 40118
65432 60602
65432 15756
65432 18598
65432 25193
65432 82301
65432 21924
65432 26940
65432 40563
65432 40289
65432 92234
65432 82993
65432 2939
65432 96831
65432 65912
65432 38055
65432 15068
65432 98757
65432 8142
65432 90759
65432 44446
65432 95647
65432 1613
65432 36246
65432 90394
65432 65108
65432 12116
65432 54929
65432 23698
65432 93453
65432 22547
65432 80167
65432 54054
65432 54654
65432 98765
65432 95599
65432 53307
65432 37040
65432 22538
65432 93869
65432 77329
65432 31124
65432 93213
65432 96619
65432 27954
65432 75476
65432 34673
65432 59373
65432 74232
65432 42814
65432 50132
65432 35029
65432 38461
65432 51744
65432 87626
65432 45206
65432 33204
65432 99741
65432 135
65432 56901
65432 93194
65432 39033
65432 37067
65432 63599
65432 10039
65432 35831
65432 59197
65432 63345
65432 72871
65432 98087
65432 57213
65432 66551
65432 29210
65432 66777
65432 63169
65432 57163
65432 42252
65432 14194
65432 32887
65432 16483
65432 73359
65432 83018
65432 67863
65432 11819
65432 51114
65432 55489
65432 73377
65432 84317
65432 71581
65432 73511
65432 57569
65432 81126
65432 28895
65432 10987
65432 44725
65432 38933
65432 63170
65432 20273
65432 18629
65432 52392
65432 18359
65432 75841
65432 18942
65432 63920
65432 58969
65432 98462
65432 21082
65432 1220
65432 29007
65432 53969
65432 34054
65432 2366
65432 53338
65432 1917
65432 30536
65432 4451
65432 73757
65432 3912
65432 5119
65432 45337
65432 93774
65432 62687
65432 26463
65432 39021
65432 90026
65432 87539
65432 94305
65432 53195
65432 24163
65432 12934
65432 5586
65432 58874
65432 5126
65432 40879
65432 22793
65432 64095
65432 55692
65432 60227
65432 65314
65432 84699
65432 30547
65432 99368
65432 87064
65432 83884
65432 17636
65432 17599
65432 88335
65432 91392
65432 37863
65432 9805
65432 53080
65432 47988
65432 88844
65432 95894
65432 87008
65432 78869
65432 99784
65432 81313
65432 32063
65432 23947
65432 94246
65432 54000
65432 99172
65432 15723
65432 94878
65432 21964
65432 79817
65432 50569
65432 82190
65432 61483
65432 51619
65432 12736
65432 60850
65432 38682
65432 12972
65432 78485
65432 72633
65432 1306
65432 86228
65432 26847
65432 11110
65432 55659
65432 74834
65432 16305
65432 51553
65432 61842
65432 95173
65432 67688
65432 43154
65432 43587
65432 91634
65432 53751
65432 97586
65432 90805
65432 69473
65432 8815
65432 29121
65432 65642
65432 59384
65432 27662
65432 27124
65432 11002
65432 40398
65432 87973
65432 66036
65432 69721
65432 82809
65432 55020
65432 71026
65432 85388
65432 81866
65432 98487
65432 57398
65432 56699
65432 31144
65432 25302
65432 34892
65432 26316
65432 92990
65432 94397
65432 69903
65432 84623
65432 64499
65432 83840
65432 91780
65432 33972
65432 92655
65432 20900
65432 15965
65432 68390
65432 48561
65432 43088
65432 95743
65432 5310
65432 47412
65432 61778
65432 91382
65432 46572
65432 33149
65432 78759
65432 48311
65432 31366
65432 77246
65432 5708
65432 4417
65432 8389
65432 31010
65432 39308
65432 51056
65432 23999
65432 33705
65432 37310
65432 24973
65432 14555
65432 21150
65432 16752
65432 48526
65432 13804
65432 54003
65432 80842
65432 82193
65432 18916
65432 23929
65432 94287
65432 40577
65432 87692
65432 72417
65432 31959
65432 34263
65432 5565
65432 10717
65432 82573
65432 36931
65432 4314
65432 4633
65432 41347
65432 29054
65432 35642
65432 97006
65432 96462
65432 75992
65432 47062
65432 33771
65432 964
65432 61617
65432 54920
65432 34068
65432 26494
65432 85075
65432 4422
65432 7336
65432 83619
65432 39689
65432 47616
65432 77906
65432 80266
65432 35308
65432 50322
65432 28576
65432 85922
65432 55886
65432 55644
65432 84847
65432 9168
65432 76310
65432 89479
65432 66866
65432 5363
65432 41472
65432 63872
65432 1824
65432 17463
65432 10933
65432 51947
65432 34778
65432 88901
65432 6866
65432 68845
65432 15395
65432 91941
65432 73267
65432 39082
65432 75559
65432 29307
65432 86697
65432 69816
65432 9572
65432 38356
65432 20137
65432 54499
65432 24278
65432 92375
65432 26495
65432 25476
65432 1542
65432 2804
65432 14954
65432 84760
65432 24518
65432 72777
65432 48631
65432 26342
65432 90239
65432 75915
65432 94640
65432 25016
65432 81168
65432 1505
65432 10213
65432 96562
65432 9797
65432 99831
65432 35643
65432 1708
65432 29137
65432 38691
65432 71523
65432 55061
65432 77047
65432 91660
65432 25911
65432 17676
65432 386
65432 52405
65432 43151
65432 18279
65432 55208
65432 74456
65432 3038
65432 79726
65432 47232
65432 68020
65432 22419
65432 53822
65432 60287
65432 17058
65432 95189
65432 41454
65432 34914
65432 5401
65432 54367
65432 44711
65432 21583
65432 6361
65432 46418
65432 50720
65432 45051
65432 34292
65432 22132
65432 22097
65432 42303
65432 48042
65432 56124
65432 42688
65432 447
65432 99274
65432 60967
65432 55654
65432 90081
65432 64004
65432 51731
65432 37312
65432 32024
65432 74149
65432 7485
65432 8662
65432 91206
65432 2674
65432 50115
65432 26120
65432 24426
65432 4481
65432 87182
65432 46009
65432 10841
65432 49951
65432 13080
65432 72243
65432 84242
65432 35211
65432 10692
65432 26545
65432 99604
65432 66815
65432 85584
65432 50
65432 82441
65432 46550
65432 72056
65432 72521
65432 10554
65432 23786
65432 26185
65432 58929
65432 97935
65432 33669
65432 67590
65432 5492
65432 52694
65432 34056
65432 47963
65432 77120
65432 54888
65432 35144
65432 39480
65432 82080
65432 1446
65432 68911
65432 54322
65432 85688
65432 4121
65432 65013
65432 28584
65432 3724
65432 48180
65432 14167
65432 20126
65432 30620
65432 77069
65432 92181
65432 19492
65432 3974
65432 15966
65432 45676
65432 79254
65432 30252
65432 95697
65432 46843
65432 35744
65432 64742
65432 97250
65432 83706
65432 58213
65432 52137
65432 35202
65432 97692
65432 34216
65432 36647
65432 82954
65432 88537
65432 38686
65432 87074
65432 69902
65432 83621
65432 7150
65432 18081
65432 14140
65432 43627
65432 65052
65432 91208
65432 35807
65432 84543
65432 95181
65432 68124
65432 46571
65432 74434
65432 98376
65432 58619
65432 37628
65432 34119
65432 39712
65432 51229
65432 34176
65432 97925
65432 3365
65432 69377
65432 11968
65432 53932
65432 22376
65432 94922
65432 58820
65432 61061
65432 98347
65432 28721
65432 61034
65432 5496
65432 63153
65432 75173
65432 49122
65432 44556
65432 82732
65432 1280
65432 45451
65432 94264
