1000
80977 24372
78661 42389
78642 82775
37167 41529
92806 84083
1179 30845
96230 90756
59569 42107
895 31485
60559 20387
39275 16910
24152 13908
389 2798
23430 61524
5430 32098
36011 2758
72821 31024
45146 67815
13798 98664
9343 6603
99098 10522
53800 95327
1277 29720
37433 18523
61204 14343
38909 478
31253 63061
14386 31641
82210 54167
9516 3991
2616 61878
6749 75437
92901 68246
59603 23050
83262 68945
46005 82359
79466 99804
94038 97094
29523 31470
15616 7079
45813 54525
23908 93417
33937 54645
25057 32498
8812 50924
36489 11427
12801 59589
3215 5702
27834 62817
45103 11095
48114 91107
9806 27579
7262 3843
41025 53137
51664 72992
60215 13828
43868 84122
7244 77804
55119 48652
26654 63930
99575 63142
91708 12376
39082 11275
34429 66915
74091 95883
94362 22204
86990 20519
66135 10603
24361 7159
63739 76024
80150 40305
6204 24018
40779 13447
18173 95897
78451 44826
76178 78025
24319 67885
6752 63400
79159 57532
46667 69602
69767 57380
8157 56756
77898 74291
83710 2258
97801 47449
94633 94303
4105 17188
34672 44883
30635 69196
40779 25437
30374 16956
19813 54692
1193 26565
34444 80351
448 97462
66304 70214
54841 74461
43321 32738
48751 27031
51347 62904
90831 62331
57206 11287
79519 91877
56170 26505
77424 13300
51941 7797
46608 88105
78841 47800
31021 13284
44502 31469
10745 10806
18034 65585
85266 77707
14674 50368
21089 82372
13271 11919
44702 86828
23205 40572
95056 95726
83428 72480
25378 51720
80276 71985
39825 59116
36136 70845
88751 96989
2313 99495
24146 36699
81431 9411
14405 12456
76131 35493
94827 5753
63763 55881
92581 3319
96452 87636
99045 96232
60115 40774
47951 56743
12758 87775
15858 65245
58620 4609
62233 60932
20455 86379
13982 18238
12141 28386
30693 4623
63878 41872
10376 43992
97752 19308
47311 10555
6943 62707
6786 83410
3480 54737
56504 32589
42511 72361
97833 1130
93321 60065
78414 30128
62795 92395
48365 74936
37133 95409
79558 17362
37280 89933
61354 51383
9240 25016
61938 32535
87722 85075
32296 7553
56163 88799
40141 98674
77511 37973
16155 70832
98037 10920
17311 60832
19667 65675
52119 73151
77435 31676
90512 14715
37961 68217
82449 63552
93232 60738
12438 97305
45813 44733
4857 1975
33531 44997
17000 27394
82969 49507
14577 97358
76778 31887
74541 12796
13913 43011
85946 91347
91038 76458
22413 28998
61026 4862
8902 70610
65599 21339
67914 27763
82424 89123
46090 32306
50471 79441
59699 49792
28947 74275
47149 22077
22513 38041
34872 36425
81051 20818
27772 72088
13627 66536
17438 91004
71397 42691
61613 53348
64029 45879
81110 62804
35001 27199
95110 1823
6640 54808
51614 51938
45435 98762
90366 67947
53154 25238
20724 50556
62407 64847
38996 92385
31382 56433
83388 19131
99123 61353
72478 79503
7231 53587
58659 58583
97138 53768
60405 3777
24927 12019
72066 86713
27132 62432
54660 96638
87669 91735
47193 66427
56581 86188
58811 87962
58972 42198
7092 74446
3550 79569
70301 27132
49508 28959
2066 46645
99078 62471
66773 24004
90841 38838
10717 34324
1269 81728
30961 5289
73462 94506
71715 30042
97045 30525
34355 72369
89075 41447
46814 8976
37367 33466
52460 86874
62424 54525
49870 61501
16995 16642
1857 24187
55480 12573
74863 73100
10652 5823
78389 84113
16680 66455
14154 30077
13332 64860
2445 18758
6306 65610
27733 60025
99076 80192
63250 77851
34717 13120
55704 68063
29761 57560
8602 1592
86484 83464
74692 13487
5638 69432
97599 22318
35886 28104
68746 49217
92963 71190
67974 15621
36799 12059
75645 52226
8602 38894
46429 43318
52013 18484
27733 98126
92395 36334
99717 78878
36149 74408
8716 41786
43839 6314
80455 79725
50769 49200
45293 43731
36741 29619
59351 89892
41677 51347
58469 50278
90241 4897
9948 58605
23380 54032
56730 15774
6717 56447
11003 42865
47206 19718
1002 91045
42383 81457
87121 93151
47008 48765
36882 83749
78383 12584
89992 36411
80283 48460
3041 70523
69709 29340
45479 93088
99723 18561
25214 6439
75007 52568
65655 38564
72286 66656
29608 31020
64464 33080
24171 11472
98197 77404
11572 92931
6339 17915
29342 86621
66374 48734
73495 36082
94425 18974
45522 94147
37534 70735
16937 28892
23302 82591
67455 11939
65598 13415
42959 30062
62846 83481
57885 61042
60884 85808
53973 67222
3722 99666
53843 86447
64751 43689
38881 59175
79014 84402
69673 16547
71488 86609
61790 94789
69199 29245
23080 34796
59011 82390
81209 21856
65870 55445
99250 26753
41252 53222
10326 61325
69239 80520
47772 33989
24209 86652
93163 3222
71053 62835
36121 58892
49443 14262
53680 34993
59858 93111
86140 18868
75500 83701
57076 57721
39145 56325
825 80397
25898 11151
58073 95136
8022 5844
29124 48582
8847 38638
68156 96251
17824 20628
55142 67266
34889 25174
18610 94747
18284 21101
29966 10136
4801 87041
84208 60298
59717 85033
40694 85614
12535 15118
97101 20556
20962 26224
85490 46160
81213 53645
42411 99036
74272 97552
82653 9160
39077 1262
20258 73713
38715 50224
200 43515
37264 84407
3812 96981
69439 60857
98946 98325
75975 96047
18881 13288
38622 20722
59447 19835
74366 18209
18870 64989
32113 1523
74148 71189
19136 94406
44901 74202
44629 45100
34069 98244
45859 37880
11576 15297
15089 10522
13622 7415
22920 48854
37054 61541
85927 12852
97727 60292
47413 32949
25280 79525
50823 15779
67065 69958
26536 11966
44160 87516
73417 78228
2112 19275
32459 13687
50924 63899
40560 80897
87665 63479
46102 41070
41372 32028
53922 55450
8671 1334
88398 50302
97210 39220
66080 64274
25530 8968
92591 86041
96483 82360
80620 14946
17986 29430
28633 68909
9681 85544
66157 97345
65375 28610
54767 6746
60637 25040
78547 85659
26373 66945
35960 39934
22516 18392
4207 48045
27359 13150
50437 40193
95509 31056
55139 13494
76838 123
98755 86518
85666 81263
214 51040
9873 54980
74137 70509
80019 52684
72520 22743
35980 8479
62676 58495
26870 83235
22892 70580
96384 73328
10773 8244
4384 82263
38089 81221
82385 53195
84090 68050
34458 84303
19090 44330
39283 9578
31190 19301
62261 3709
58396 98240
28540 21071
73087 55409
20657 95978
25989 33392
69305 53113
41635 90040
35375 96076
71260 17759
49270 55349
2160 83727
56004 37601
44408 95286
47179 91950
30938 9439
95658 89333
24031 24197
26756 97117
95958 47412
93094 38298
97156 62398
7762 38790
52438 43136
34865 40049
77246 487
11750 95757
84213 67753
33358 44973
63038 80536
36922 10327
89974 48931
16012 30356
89480 42767
27472 85437
6530 20565
40086 3685
99315 47847
58827 68104
7334 10043
8152 931
10529 36253
96687 11094
4005 30044
56066 83394
26931 9339
93721 16905
58269 26084
47260 47748
85202 91084
49536 91731
28000 5973
11768 27314
53819 70594
95417 77504
96988 19921
94786 7517
56173 91473
18610 76530
37868 91027
59923 64799
16717 69995
98055 74985
96078 61666
39085 81279
52749 4972
89362 80749
10945 1129
24414 81115
88074 36183
74971 85061
56103 69756
8929 28627
77580 27538
5156 31800
34916 65079
96598 51632
51425 11004
42969 47503
72669 98405
45133 41770
19728 34494
38870 47024
51974 79635
44491 40047
15817 19461
41460 88271
5568 50388
16898 99500
94278 38405
31299 45545
19835 44248
13529 71260
55251 56497
35114 44271
71253 80246
2392 7332
31092 41261
54356 83065
20896 98846
39464 53064
34658 97275
41335 56577
47662 74584
56076 41939
12988 3726
3836 32823
47973 17364
20434 3223
90212 55547
63846 61464
52144 66237
68795 83235
7498 39502
82652 44745
54699 38467
97808 5708
35741 39142
62285 99754
13725 34712
58045 43065
38438 61880
75887 86410
79243 96320
5985 69454
68218 69830
47269 20361
36066 32415
19948 59915
71917 18951
4659 42967
73769 2467
48675 25861
57960 27311
25614 88037
62022 10
31101 16811
61889 23339
19573 57483
36010 25557
43288 4227
11738 90556
40939 64155
22971 77238
24070 11239
12540 28728
54205 86308
47546 2879
12168 21858
46541 54134
9894 24915
54143 57346
41725 32384
80684 77649
6218 33045
19557 49506
37271 31294
40061 94561
95449 79383
88151 35870
90621 690
64597 61178
3350 28495
64056 31869
50352 26949
86002 76597
51863 56497
33942 9939
5232 14625
87588 11449
47669 7144
60954 1291
54790 17367
12203 50238
96749 16705
86107 3722
17395 67055
64899 37096
11901 45306
68964 62252
72254 71318
38848 24116
44166 89141
34055 49397
3765 37994
77197 67785
45137 54503
85427 99926
71869 97630
66515 84969
14334 68973
88690 48080
52380 53588
1527 64280
15246 70491
42884 87499
58160 98083
27967 2325
87224 78373
68073 90988
16366 45269
75125 77854
99771 60551
94132 87991
74532 60646
72960 5218
45971 61649
69649 98350
31589 71176
78981 46834
41666 21864
50684 16177
36299 78650
18501 23522
57022 2925
30861 89739
64545 5985
67593 80668
82888 61724
68658 73771
38721 41617
78988 1043
19618 48637
15744 51206
36164 94725
14391 77829
32940 65074
10357 85590
60076 45209
9111 33449
48133 39972
23188 12677
62308 7132
93344 61547
85207 78354
35318 40279
19970 14305
41322 39587
79293 73417
7144 15456
84493 21534
9636 17433
86608 19992
3022 63035
81552 28485
96483 29684
84808 19670
58713 47115
43153 68408
8662 28359
46761 60331
68638 83083
90987 26311
22669 70280
99727 46165
2087 84220
67698 11723
18004 70657
48066 37377
33691 29618
65861 30174
75653 50668
66195 50717
14135 9348
19125 39148
54058 82237
99478 39047
65319 90464
65357 4340
77095 65084
50504 79182
65655 34553
7256 83658
5210 71673
21034 55252
17642 3247
1777 93295
70266 84324
60363 84400
10023 79487
39899 64080
78076 55728
3127 43394
46192 84835
64085 39638
66270 30940
18819 31924
65493 42426
15581 87054
30451 52967
42305 48092
72565 60434
57738 42830
44757 18101
43582 54779
13939 83480
35210 92014
55560 54688
51760 1751
39523 15844
57740 5792
46784 92911
37716 28628
35336 69648
15681 65786
38966 74337
30230 11530
34770 87967
54360 79526
22419 14293
50656 36358
14124 85866
44723 69683
40553 96482
87785 96427
28678 45525
2219 91813
38435 56286
36792 90122
42285 52472
55908 81251
26808 86137
9132 77930
90455 63491
73807 12874
94135 24463
65583 8259
26680 10305
77941 67232
23139 82078
80011 68168
27602 82229
76332 66036
54866 13123
56157 97150
65594 28416
94752 8753
30904 3884
3034 21359
83726 76841
50584 77861
1303 16166
2471 44334
42822 80411
27917 82312
78840 7927
50479 6441
90155 26810
88828 61372
39932 61337
58522 21877
89752 69625
46982 37008
73508 50015
74718 57234
26855 25301
51446 44509
57818 53916
88842 16991
50678 33111
99303 29518
41037 49781
35958 47544
92943 41138
8915 49226
2474 83788
71103 8577
53413 34436
45584 26920
84450 20301
505 27657
61953 51950
88517 36122
22217 93711
53113 72895
26821 52415
2412 67857
18547 54721
15400 27841
12210 40667
77067 14683
24454 64521
23260 77866
98956 85195
21138 99757
5496 21642
27413 67448
89944 32282
3570 12160
25992 73034
85054 52812
25448 3817
20668 60346
74890 52420
88187 87099
93086 65253
1782 33891
46125 41393
28109 45080
26587 49246
61188 48434
87239 4953
15882 77182
37234 35803
89342 63225
25188 90747
16036 66987
10916 53055
27332 85805
21826 31870
89255 31263
13474 91036
65154 59598
48780 93262
21029 75367
42507 82217
23800 46097
87169 56033
23279 24402
8187 28972
3978 33374
36070 20013
16712 46985
89419 44044
49141 11245
92265 38396
42507 5739
45783 7660
81688 94563
17273 2717
86281 76131
1285 10080
22228 4805
82465 45506
45558 7003
90829 49535
56729 26898
85899 73440
73883 75317
33835 39375
2913 26100
77770 45420
48190 23553
69431 29877
18115 86704
48945 20747
62834 66581
47178 1413
71385 29642
46918 33294
52997 54098
82828 9725
80996 68726
99516 71230
60395 33351
10604 63307
75802 4726
25078 40343
28278 94509
70219 62744
97564 35516
83490 76749
2096 30667
78162 89833
76661 41431
23126 46009
95529 22306
55733 76524
7383 71600
64105 67777
4950 74708
31084 97103
79433 72513
37445 24062
67021 24016
3157 64584
59531 86646
57685 77978
33665 35846
84162 26677
77276 7288
72685 72804
29593 44769
65679 36975
16368 29783
21104 37670
20843 68539
34772 16627
41051 88569
40689 8072
12584 43845
89007 88466
46843 46691
82795 96859
98888 66957
23535 76164
74244 96219
48967 20188
40987 14646
73514 73706
60780 94617
11375 81622
63155 46147
98249 4206
51067 55289
28629 63650
99133 33987
68467 62327
